Brees		456	659	4,952	33	17
Roethlisberger	408	608	4,952	32	9
Luck		380	616	4,761	40	16
P. Manning	395	597	4,727	39	15
Ryan, 		415	628	4,694	28	14
E. Manning	379	601	4,410	30	14
Rodgers		341	520	4,381	38	5
Rivers		379	570	4,286	31	18
Stafford	363	602	4,257	22	12
Brady		373	582	4,109	33	9
Tannehill	392	590	4,045	27	12
Flacco		344	554	3,986	27	12
Cutler		370	561	3,812	28	18
Romo		304	435	3,705	34	9
Wilson		285	452	3,475	20	7
Dalton		309	481	3,398	19	17
Kaepernick 	289	478	3,369	19	10
Hoyer		242	438	3,326	12	13
Carr		348	599	3,270	21	12
Smith		303	464	3,265	18	6
Newton		262	448	3,127	18	12
Orton		287	447	3,018	18	10
Bridgewater	259	402	2,919	14	12
Bortles		280	475	2,908	11	17
Smith		219	367	2,525	13	13
Fitzpatrick	197	312	2,483	17	8
Sanchez		198	309	2,418	14	11
McCown		184	327	2,206	11	14
Davis		180	284	2,001	12	9
Stanton		132	240	1,711	7	5
Cousins		126	204	1,710	10	9
Mettenberger	107	179	1,412	8	7